#"Step","Potential Energy (kJ/mole)","Temperature (K)"
1002000,277.52197265625,409.0053948156402
1004000,231.91156005859375,439.60520379590224
1006000,237.1783447265625,452.99276867702196
1008000,251.0743408203125,490.89917924681487
1010000,281.93792724609375,484.83158724860374
1012000,328.451416015625,458.036709469384
1014000,260.95172119140625,540.2907675478625
1016000,275.263671875,493.5208219008775
1018000,211.75958251953125,445.0421346794742
1020000,321.51190185546875,425.6267303424068
1022000,320.126220703125,491.7727138689211
1024000,183.59588623046875,511.2065388135034
1026000,255.77410888671875,486.18603380914567
1028000,280.7696533203125,449.1095549083443
1030000,296.4801025390625,488.97440968229233
1032000,209.81256103515625,515.7049617353633
1034000,268.8680419921875,464.9953349895158
1036000,268.927001953125,460.66651137760715
1038000,191.45361328125,479.4614320640086
1040000,246.86962890625,463.9544903905616
1042000,181.37744140625,425.65379000552326
1044000,188.99603271484375,428.4413961113594
1046000,263.45159912109375,414.0530426417209
1048000,304.0244140625,530.0687566374169
1050000,240.3887939453125,461.04200351060655
1052000,264.1566162109375,488.1143921796542
1054000,231.49420166015625,518.2289353220747
1056000,222.41094970703125,441.67622884313687
1058000,224.73968505859375,522.4153095682352
1060000,238.33154296875,531.2316756729659
1062000,298.38848876953125,438.5357690993397
1064000,262.24786376953125,507.77831254177954
1066000,228.4996337890625,455.5010576456053
1068000,298.54119873046875,438.3240647880566
1070000,227.71771240234375,470.78988722874
1072000,257.07879638671875,549.7501229315121
1074000,250.904541015625,453.11836732347535
1076000,225.3885498046875,469.922574550158
1078000,209.59173583984375,491.88517707802094
1080000,233.8741455078125,543.0713700643033
1082000,227.03106689453125,469.88513312390126
1084000,343.63818359375,473.2848675608591
1086000,270.09130859375,434.4710252867833
1088000,217.758056640625,454.7900179810618
1090000,293.79864501953125,493.77807631199687
1092000,354.49005126953125,470.75020211091606
1094000,237.8602294921875,457.5450021367932
1096000,159.51226806640625,521.1746856302897
1098000,250.30718994140625,429.14138921503434
1100000,247.0465087890625,560.6829038927526
1102000,263.9010009765625,420.7587970835742
1104000,311.8756103515625,462.2996056099086
1106000,350.33001708984375,389.87408725758246
1108000,282.461669921875,466.6414134022313
1110000,240.61749267578125,472.017274732688
1112000,185.78179931640625,534.2363386820609
1114000,250.798583984375,462.45554462409376
1116000,286.173095703125,466.54103498430754
1118000,331.082763671875,490.1719513250721
1120000,324.4151611328125,599.9959338948
1122000,248.85784912109375,522.4890625100753
1124000,189.9615478515625,500.8773855663086
1126000,289.0377197265625,473.44465076920955
1128000,211.67822265625,407.72309673190307
1130000,225.2265625,440.57574219232674
1132000,315.55511474609375,479.4683352702028
1134000,296.99835205078125,417.8575357217337
1136000,211.098876953125,529.9417616168886
1138000,199.89715576171875,497.38404231837995
1140000,284.41424560546875,489.3274139584997
1142000,253.9481201171875,437.857831152213
1144000,277.87750244140625,440.6892415927591
1146000,259.4168701171875,454.7139610500013
1148000,224.93865966796875,523.339388020807
1150000,328.1895751953125,468.1854898881364
1152000,244.93994140625,425.72701539977925
1154000,289.61480712890625,452.7516726726832
1156000,257.9984130859375,426.8503615048832
1158000,258.28143310546875,469.1208968086821
1160000,221.61138916015625,497.30957097127157
1162000,221.64459228515625,567.832142356963
1164000,207.0115966796875,474.74526353877434
1166000,295.1793212890625,392.4060223152562
1168000,299.71807861328125,564.7488840242235
1170000,287.31524658203125,395.4380891620685
1172000,296.7291259765625,451.0063044971653
1174000,173.7950439453125,340.9562025566082
1176000,277.072021484375,378.48974016089863
1178000,276.2867431640625,398.13576308323485
1180000,272.72607421875,439.00548969393157
1182000,239.64898681640625,515.4755880659575
1184000,269.71331787109375,459.1653486275191
1186000,178.10736083984375,470.26660662237964
1188000,229.2171630859375,464.8809266831705
1190000,236.59075927734375,478.72272483214795
1192000,202.04022216796875,467.15657222869106
1194000,213.1536865234375,526.9896758861282
1196000,261.98699951171875,487.24215209838655
1198000,201.066162109375,448.4971912786349
1200000,222.51470947265625,485.6436763358592
1202000,296.03411865234375,432.63975225659294
1204000,257.85888671875,454.0139615931253
1206000,290.0736083984375,416.3117716733744
1208000,206.66302490234375,426.32725168160124
1210000,192.5655517578125,484.0892075900305
1212000,287.47186279296875,461.02053806062605
1214000,311.5743408203125,425.8845459135692
1216000,240.2662353515625,488.3709573918529
1218000,295.08819580078125,454.1116802408221
1220000,258.67364501953125,500.633047180458
1222000,357.314208984375,441.3630617065274
1224000,290.135498046875,492.5996610876108
1226000,191.72955322265625,471.8951537829608
1228000,297.98919677734375,493.0560818667117
1230000,322.31524658203125,446.470082147047
1232000,315.73638916015625,456.1995953674446
1234000,272.07373046875,450.8532929539949
1236000,223.12689208984375,500.7860063403484
1238000,360.64068603515625,465.6229331331892
1240000,301.91522216796875,480.3348915118201
1242000,262.5147705078125,532.2729403882754
1244000,259.42156982421875,476.7439766376669
1246000,306.5850830078125,486.2433989787723
1248000,348.4674072265625,451.3341077777151
1250000,244.55938720703125,434.16499066316953
1252000,270.06024169921875,499.1290874082488
1254000,235.6666259765625,456.0752835032236
1256000,239.37359619140625,424.3583236814381
1258000,252.6466064453125,506.7170562736182
1260000,283.7950439453125,426.90834749601066
1262000,263.3369140625,484.53450314058273
1264000,266.938720703125,442.84411120233517
1266000,315.48004150390625,431.24533921718194
1268000,236.47052001953125,409.9427766295941
1270000,341.44720458984375,471.09892421763226
1272000,315.51275634765625,507.5764708137259
1274000,218.39752197265625,504.80702980208656
1276000,275.73321533203125,514.1456403095939
1278000,292.28839111328125,503.63317620577686
1280000,257.8251953125,403.0414738124031
1282000,347.45513916015625,431.8864222977724
1284000,261.37823486328125,427.18156659378576
1286000,315.5003662109375,475.30171809652177
1288000,274.11627197265625,444.7563333103815
1290000,190.7486572265625,400.2768109487308
1292000,211.03131103515625,381.70097836533415
1294000,257.4212646484375,441.3668467721685
1296000,300.69598388671875,427.5277747581156
1298000,322.26409912109375,452.87360306838474
1300000,243.4893798828125,397.2330020073053
1302000,241.6466064453125,394.75433323699076
1304000,296.00225830078125,476.42044974747057
1306000,223.22137451171875,458.47172051415214
1308000,234.1856689453125,467.78849595364557
1310000,311.0618896484375,476.5439761509462
1312000,248.44427490234375,519.3987355778922
1314000,291.04791259765625,412.8096442254542
1316000,366.8466796875,502.48189344116435
1318000,255.25787353515625,473.80106545771906
1320000,244.880615234375,421.5428982936698
1322000,341.33941650390625,409.0955069245377
1324000,292.2332763671875,539.8650187560839
1326000,304.19207763671875,450.022438989238
1328000,246.484375,447.5478108127594
1330000,264.843994140625,436.28009335330205
1332000,374.392333984375,548.7588243814291
1334000,274.10357666015625,438.4895806769464
1336000,263.50372314453125,504.61663709705897
1338000,205.9808349609375,538.4208653543615
1340000,326.22760009765625,409.1058937046066
1342000,321.57171630859375,447.77101709916116
1344000,225.89111328125,458.10284489171323
1346000,212.51837158203125,480.4781435441339
1348000,308.17523193359375,449.9987203161388
1350000,266.934326171875,381.476560756276
1352000,322.79998779296875,383.8053310869175
1354000,235.28460693359375,502.2384706040848
1356000,267.86676025390625,424.21660810865603
1358000,205.86553955078125,473.215289536676
1360000,252.2593994140625,539.0417781873831
1362000,217.02716064453125,444.09195788973295
1364000,300.2974853515625,446.0515012991736
1366000,249.84002685546875,469.6861776603157
1368000,288.01910400390625,497.97107380696133
1370000,159.172119140625,476.50676722067095
1372000,256.78497314453125,425.79953942602185
1374000,227.90277099609375,534.0171223109031
1376000,296.3707275390625,426.7627061630634
1378000,292.06243896484375,506.61548219901664
1380000,243.70648193359375,449.83037331486634
1382000,333.92877197265625,433.18832375553006
1384000,266.82427978515625,521.047131419561
1386000,167.09710693359375,510.5229089583362
1388000,267.89837646484375,465.3724377797338
1390000,256.91851806640625,425.57015929140266
1392000,218.614013671875,373.18459206663346
1394000,282.69073486328125,435.8413319958212
1396000,234.37713623046875,498.9398859767591
1398000,227.46356201171875,413.6498767662856
1400000,223.64947509765625,403.40505223035274
1402000,379.52227783203125,434.08333589344807
1404000,299.73907470703125,464.4949439582727
1406000,195.72821044921875,436.8669088555829
1408000,330.6943359375,524.5170534169577
1410000,256.59210205078125,444.0535972830546
1412000,226.8834228515625,538.3297766937121
1414000,219.4986572265625,483.8521503803291
1416000,292.91363525390625,452.78127853336997
1418000,194.61358642578125,572.6979839109986
1420000,300.44805908203125,418.17988492448495
1422000,352.3583984375,481.63316871168007
1424000,227.11602783203125,474.2155385183425
1426000,261.62554931640625,589.3475034625678
1428000,295.83221435546875,476.8762933478861
1430000,250.27838134765625,497.97280449592415
1432000,177.013916015625,478.7227552190008
1434000,229.09564208984375,436.3505117740575
1436000,304.4271240234375,450.35887973183844
1438000,190.13232421875,466.50462388623635
1440000,250.41058349609375,450.24454188389245
1442000,222.5936279296875,488.93814896431394
1444000,293.92889404296875,461.5324355929872
1446000,304.75347900390625,443.0039561995033
1448000,246.5062255859375,493.71303515240777
1450000,276.40399169921875,465.66131257194553
1452000,327.0203857421875,489.6484221580357
1454000,307.2464599609375,375.6468872237967
1456000,288.4844970703125,499.54798489931034
1458000,265.33258056640625,428.36846184685146
1460000,376.00079345703125,380.49183661760816
1462000,271.50958251953125,417.57803175049077
1464000,271.56982421875,467.8729901351655
1466000,223.36700439453125,503.88261918911456
1468000,282.03533935546875,488.25442716800194
1470000,257.78778076171875,387.65306507378466
1472000,208.24969482421875,491.16785151089596
1474000,261.82733154296875,439.763681514206
1476000,247.85491943359375,528.6553276588024
1478000,344.9388427734375,488.1361154715847
1480000,335.5245361328125,417.5973329291673
1482000,252.0042724609375,459.5677950961381
1484000,241.3475341796875,475.3813624474153
1486000,159.878662109375,450.86757414477
1488000,247.26708984375,501.8947785033753
1490000,230.1893310546875,552.3249694707541
1492000,279.95904541015625,482.6515113157823
1494000,235.33056640625,484.32929836045264
1496000,316.9244384765625,528.0113836845433
1498000,210.0528564453125,517.4838187395115
1500000,219.72021484375,439.94874449090565
1502000,212.89483642578125,472.8112739639233
1504000,238.85125732421875,438.56433676997347
1506000,245.82855224609375,452.3727122344938
1508000,303.7821044921875,429.04803877282177
1510000,323.0380859375,452.57944165685166
1512000,213.9149169921875,426.3567508162776
1514000,280.57269287109375,420.3801831066131
1516000,271.0579833984375,452.49088702730523
1518000,281.00164794921875,500.160839571951
1520000,320.98419189453125,471.90135095075135
1522000,285.6982421875,437.6336314491984
1524000,285.53271484375,468.64491671842256
1526000,259.4952392578125,432.3051940287077
1528000,263.282470703125,424.46534917004425
1530000,249.49481201171875,458.9567246771206
1532000,286.96173095703125,468.0823810726927
1534000,272.8690185546875,474.5747515906234
1536000,228.8406982421875,448.24534885054436
1538000,216.533935546875,465.13241163344225
1540000,213.5018310546875,464.4669203456699
1542000,277.95355224609375,482.29542634265334
1544000,235.2606201171875,448.50553463123373
1546000,292.60772705078125,509.0766208460714
1548000,236.29296875,517.7318146868096
1550000,277.8004150390625,436.6692685776764
1552000,312.7156982421875,468.76603112508855
1554000,346.68121337890625,421.62489883854386
1556000,303.88665771484375,523.4842924909494
1558000,221.51617431640625,466.7645416773559
1560000,254.61846923828125,486.5289359286892
1562000,249.9710693359375,424.52592575151544
1564000,235.7840576171875,469.7773646678166
1566000,314.1639404296875,477.9607618952716
1568000,146.29296875,382.0657665277035
1570000,310.790283203125,379.9602677652294
1572000,289.71343994140625,477.2717560209187
1574000,398.481201171875,450.1419022987234
1576000,221.00323486328125,436.18009605327427
1578000,203.3416748046875,401.0922007251816
1580000,216.66156005859375,482.1019745713408
1582000,173.1298828125,507.3286121261981
1584000,259.18292236328125,476.4511637114246
1586000,321.3643798828125,421.2154081874254
1588000,236.42913818359375,482.3019886987384
1590000,245.51385498046875,545.6955982935312
1592000,240.1796875,464.17283761231806
1594000,272.6961669921875,464.55008351582705
1596000,212.52349853515625,477.4870767002289
1598000,335.661376953125,474.7794154840725
1600000,269.91632080078125,561.9581655350944
1602000,241.69586181640625,438.602071661611
1604000,271.75079345703125,468.0352604064364
1606000,240.46832275390625,479.48198302758533
1608000,266.43975830078125,413.5216235266765
1610000,308.5504150390625,548.0352171349386
1612000,301.22467041015625,412.2286640365684
1614000,199.0657958984375,512.8208881835119
1616000,281.3953857421875,428.7398269859816
1618000,288.26824951171875,415.464288073717
1620000,280.75189208984375,466.85298581721105
1622000,207.5955810546875,461.51327940030836
1624000,338.6885986328125,484.79550974784144
1626000,244.775390625,509.2438092475049
1628000,293.07501220703125,440.58653195086
1630000,281.30792236328125,426.24003264968917
1632000,209.52716064453125,525.9190219682878
1634000,188.61956787109375,477.4125776930685
1636000,317.3787841796875,472.14985886891475
1638000,226.3934326171875,422.82561308001056
1640000,256.20025634765625,414.5035370512234
1642000,325.999755859375,417.6848747884655
1644000,341.2373046875,499.45579034938805
1646000,296.3533935546875,558.7149603054431
1648000,184.47039794921875,495.96863959798446
1650000,198.6131591796875,424.6115608909277
1652000,258.7669677734375,452.76118964877867
1654000,302.3887939453125,438.6136300804576
1656000,322.27239990234375,500.5702111836847
1658000,311.88482666015625,493.0432074881631
1660000,243.04376220703125,491.97669219772547
1662000,308.77056884765625,512.4562062828048
1664000,288.04803466796875,509.52381428503514
1666000,245.322021484375,529.8584300501507
1668000,253.69000244140625,472.23850916751724
1670000,270.72796630859375,481.3234021267847
1672000,239.6981201171875,514.6451262844738
1674000,246.10748291015625,526.1450726002823
1676000,248.90374755859375,492.5528333406749
1678000,194.83172607421875,456.25252651207444
1680000,259.7210693359375,450.6605136138779
1682000,277.53411865234375,449.0929040611032
1684000,279.26055908203125,521.2238857814948
1686000,227.66387939453125,458.94400291541166
1688000,284.42401123046875,510.15485505156477
1690000,271.66436767578125,543.971975833418
1692000,380.34100341796875,433.2812269253909
1694000,250.40728759765625,407.3242000189612
1696000,286.582275390625,521.3062301273035
1698000,219.7735595703125,503.43703929518813
1700000,268.2918701171875,417.3830442792303
1702000,256.17242431640625,488.3423527282624
1704000,289.6627197265625,488.5052469232516
1706000,302.86492919921875,388.49601406309677
1708000,197.22119140625,487.3868191863365
1710000,221.54803466796875,428.50389218912625
1712000,270.310791015625,511.2054914139342
1714000,288.65509033203125,474.24937865623605
1716000,247.6397705078125,467.60784645292523
1718000,218.331298828125,493.23634964331285
1720000,277.22540283203125,503.89213502408415
1722000,267.25970458984375,510.3042057508005
1724000,241.61322021484375,544.196279084858
1726000,319.61517333984375,433.79819855462387
1728000,305.54443359375,419.2722743628552
1730000,252.0546875,397.6224593757175
1732000,297.89178466796875,434.80001950374003
1734000,347.40606689453125,506.06720600666347
1736000,344.3466796875,534.3636484818217
1738000,214.27215576171875,529.9744868957695
1740000,351.62860107421875,513.7277155146088
1742000,333.40289306640625,411.96124610263905
1744000,379.61505126953125,457.07618331170187
1746000,204.24261474609375,502.6755971702778
1748000,282.3973388671875,409.45050007819617
1750000,387.8604736328125,467.1407458764241
1752000,250.48712158203125,430.5190337697242
1754000,334.04791259765625,429.9244626207228
1756000,249.29132080078125,408.0184600973088
1758000,185.123291015625,426.6407680805136
1760000,229.519287109375,390.7682664330921
1762000,293.62933349609375,472.77634701911234
1764000,194.76605224609375,445.96821122601403
1766000,258.21417236328125,477.9137779190975
1768000,207.90216064453125,439.80190305754024
1770000,312.07958984375,434.1856205464542
1772000,236.59710693359375,449.45393739723056
1774000,247.4742431640625,513.5404263027681
1776000,226.748779296875,497.9247453271142
1778000,259.572265625,476.51023816165184
1780000,283.2332763671875,516.5227148080784
1782000,303.67376708984375,456.46501499563243
1784000,300.4814453125,457.86996162306104
1786000,293.57708740234375,508.65695690869086
1788000,257.08154296875,547.7821334681407
1790000,293.42938232421875,463.1868921083858
1792000,245.90704345703125,472.0855384598526
1794000,264.49786376953125,458.57815122238065
1796000,292.3736572265625,447.39875944555166
1798000,235.8426513671875,434.2838931407731
1800000,381.78399658203125,497.1770384237371
1802000,299.466796875,439.480660795928
1804000,307.15679931640625,437.482981903649
1806000,277.643798828125,476.40363363299406
1808000,282.08984375,489.95805977645097
1810000,209.3206787109375,416.61589203376985
1812000,320.5155029296875,485.509102839128
1814000,256.59173583984375,456.23668076066696
1816000,257.8280029296875,456.4360130303289
1818000,310.44219970703125,524.7225308141681
1820000,221.35162353515625,463.4069326034767
1822000,269.184326171875,501.1045821057416
1824000,236.10186767578125,492.72329106784315
1826000,251.154541015625,407.26270625578894
1828000,283.61859130859375,468.1595485852939
1830000,286.65911865234375,392.71038118496864
1832000,390.64971923828125,480.4216878238552
1834000,414.26995849609375,444.89178448695515
1836000,315.59490966796875,467.77839943960436
1838000,280.28759765625,483.44192762868124
1840000,266.5556640625,457.30267223230686
1842000,267.72454833984375,425.575565070872
1844000,225.94915771484375,389.61152202634645
1846000,212.72357177734375,438.803327092473
1848000,282.82293701171875,448.0971503384399
1850000,226.73394775390625,425.3391680760181
1852000,242.13360595703125,479.74673717634477
1854000,295.70819091796875,542.4165085954165
1856000,305.43707275390625,428.29878839907684
1858000,232.52130126953125,459.76654375690515
1860000,203.99566650390625,423.54178595332326
1862000,219.2642822265625,374.562798195287
1864000,289.59686279296875,443.1054798265385
1866000,224.05877685546875,542.8273457208539
1868000,192.2752685546875,494.1566065457178
1870000,246.42230224609375,416.5327875370867
1872000,271.25775146484375,431.5614911506315
1874000,232.233154296875,473.6588814282478
1876000,242.4290771484375,488.31760258672676
1878000,299.2618408203125,467.1106125285348
1880000,218.50555419921875,553.6995367606512
1882000,198.6561279296875,502.691120025057
1884000,237.52197265625,562.7928861664961
1886000,271.197509765625,506.13045722275166
1888000,265.6536865234375,468.01749754162125
1890000,278.8409423828125,468.80820442945696
1892000,292.7515869140625,440.47229057355844
1894000,236.17291259765625,413.44504125064987
1896000,222.74249267578125,458.5034618624669
1898000,225.43243408203125,516.7610107659623
1900000,185.54095458984375,492.36523486271
1902000,221.25225830078125,484.9993194175361
1904000,255.02252197265625,395.0863653691486
1906000,296.6788330078125,441.0461955227681
1908000,241.9373779296875,435.3739966729182
1910000,224.53076171875,455.03310491582823
1912000,191.75750732421875,414.7609314489138
1914000,232.47222900390625,456.8111935589461
1916000,273.0064697265625,510.59928389335994
1918000,319.10040283203125,520.2506563021384
1920000,233.6873779296875,477.62733609133704
1922000,226.10015869140625,442.77091812627015
1924000,239.05023193359375,537.3093576709996
1926000,314.89013671875,471.2016296310648
1928000,291.3314208984375,459.87693536042576
1930000,227.73297119140625,408.2536448681568
1932000,228.702880859375,505.20977646557884
1934000,307.85888671875,496.7276647902125
1936000,316.771484375,455.212744707388
1938000,374.45977783203125,473.6371679934049
1940000,238.285888671875,392.9820636298156
1942000,265.10748291015625,494.26841008252995
1944000,265.88763427734375,501.9105424437558
1946000,221.30889892578125,448.3211829260151
1948000,261.37847900390625,492.49731395621075
1950000,283.566650390625,510.1625103717465
1952000,264.872802734375,447.91868888714725
1954000,216.260986328125,433.7719097789415
1956000,218.96240234375,499.56907791344656
1958000,251.17291259765625,482.6493540041213
1960000,277.9716796875,472.37083606736076
1962000,288.7689208984375,493.14827447917025
1964000,321.62298583984375,423.2983252350638
1966000,230.74224853515625,448.86423249566695
1968000,273.25994873046875,558.0579947333914
1970000,300.375732421875,517.512940580792
1972000,232.58984375,456.3246004306525
1974000,288.90655517578125,442.68957580452394
1976000,215.52349853515625,481.7610084419129
1978000,290.41986083984375,545.6906382252413
1980000,224.58233642578125,528.9229927795061
1982000,274.52691650390625,512.1556223206128
1984000,332.66143798828125,431.68556708356994
1986000,288.142333984375,526.4408519393362
1988000,303.63665771484375,429.160136765624
1990000,207.35186767578125,495.32598237970495
1992000,238.6890869140625,445.7658362351206
1994000,301.43463134765625,468.39522137823997
1996000,297.22064208984375,531.2337186523866
1998000,223.205810546875,507.08740862499815
2000000,179.56439208984375,472.698614012115
